[gd_resource type="SkeletonProfile" format=3 uid="uid://bkdux1kjryicx"]

[resource]
root_bone = &"c_traj"
group_size = 1
bone_size = 60
groups/0/group_name = &""
bones/0/bone_name = &"c_traj"
bones/0/bone_parent = &""
bones/0/tail_direction = 0
bones/0/reference_pose = Transform3D(-1, 0, 0, 0, 0, 1, 0, 1, 0, 0, 0, 0)
bones/0/handle_offset = Vector2(0.49999985, 0.95)
bones/0/group = &""
bones/0/require = false
bones/1/bone_name = &"root.x"
bones/1/bone_parent = &"c_traj"
bones/1/tail_direction = 0
bones/1/reference_pose = Transform3D(-1, -9.094947e-13, 7.5419707e-06, 7.5419707e-06, 0, 1, -9.094947e-13, 1, 0, -2.5849604e-07, -0.013738334, 0.9567992)
bones/1/handle_offset = Vector2(0.49999997, 0.4444647)
bones/1/group = &""
bones/1/require = false
bones/2/bone_name = &"thigh_stretch.l"
bones/2/bone_parent = &"root.x"
bones/2/tail_direction = 0
bones/2/reference_pose = Transform3D(0.18489225, 0.09777778, 0.97788984, 0.06437945, -0.99410594, 0.087228626, 0.9806762, 0.04682652, -0.19009331, 0.09905453, -5.702845e-08, -0.0056084334)
bones/2/handle_offset = Vector2(0.5523365, 0.44446474)
bones/2/group = &""
bones/2/require = false
bones/3/bone_name = &"leg_stretch.l"
bones/3/bone_parent = &"thigh_stretch.l"
bones/3/tail_direction = 0
bones/3/reference_pose = Transform3D(0.9777212, -0.20990707, 1.4497672e-06, 0.20990705, 0.9777213, -5.4602797e-06, -2.7131696e-07, 5.642948e-06, 1, -1.2805685e-09, 0.40058807, -3.8904545e-08)
bones/3/handle_offset = Vector2(0.5730316, 0.6548723)
bones/3/group = &""
bones/3/require = false
bones/4/bone_name = &"foot.l"
bones/4/bone_parent = &"leg_stretch.l"
bones/4/tail_direction = 0
bones/4/reference_pose = Transform3D(0.005800247, 0.89182323, 0.45234683, -0.08905855, 0.45101765, -0.8880605, -0.99600947, -0.035134386, 0.08204049, -3.7252903e-09, 0.45353132, 2.6077032e-08)
bones/4/handle_offset = Vector2(0.58664155, 0.8910191)
bones/4/group = &""
bones/4/require = false
bones/5/bone_name = &"toes_01.l"
bones/5/bone_parent = &"foot.l"
bones/5/tail_direction = 0
bones/5/reference_pose = Transform3D(-1.0000001, 1.1320497e-05, -3.0350928e-05, -9.828216e-07, 0.9259138, 0.37773544, 3.237849e-05, 0.37773553, -0.9259136, -9.02395e-09, 0.17942868, -8.8475645e-09)
bones/5/handle_offset = Vector2(0.60283136, 0.94576705)
bones/5/group = &""
bones/5/require = false
bones/6/bone_name = &"leg_twist.l"
bones/6/bone_parent = &"leg_stretch.l"
bones/6/tail_direction = 0
bones/6/reference_pose = Transform3D(1, 2.365559e-07, -1.7974529e-07, -2.3655596e-07, 1, -2.6449558e-07, 1.7974523e-07, 2.6449564e-07, 1, 1.8626451e-09, 0.22676605, 8.8475645e-09)
bones/6/handle_offset = Vector2(0.5798366, 0.77294594)
bones/6/group = &""
bones/6/require = false
bones/7/bone_name = &"thigh_twist.l"
bones/7/bone_parent = &"thigh_stretch.l"
bones/7/tail_direction = 0
bones/7/reference_pose = Transform3D(1, 2.8405344e-07, 4.8172654e-07, -2.8405333e-07, 1, -2.426096e-07, -4.8172666e-07, 2.4260947e-07, 1, -1.8626451e-09, 8.061761e-08, -7.450581e-09)
bones/7/handle_offset = Vector2(0.5523365, 0.44446477)
bones/7/group = &""
bones/7/require = false
bones/8/bone_name = &"thigh_stretch.r"
bones/8/bone_parent = &"root.x"
bones/8/tail_direction = 0
bones/8/reference_pose = Transform3D(0.18487854, -0.09777693, -0.9778926, -0.064378746, -0.9941064, 0.08722852, -0.98067904, 0.046827212, -0.19007953, -0.0990546, -1.7623792e-07, -0.0056070676)
bones/8/handle_offset = Vector2(0.44766343, 0.4444648)
bones/8/group = &""
bones/8/require = false
bones/9/bone_name = &"leg_stretch.r"
bones/9/bone_parent = &"thigh_stretch.r"
bones/9/tail_direction = 0
bones/9/reference_pose = Transform3D(0.97772145, 0.20990656, -2.0182104e-06, -0.20990656, 0.97772145, -5.5784226e-06, 8.0230024e-07, 5.877779e-06, 1, 7.2759576e-09, 0.40058783, -7.2759576e-10)
bones/9/handle_offset = Vector2(0.4269684, 0.65487236)
bones/9/group = &""
bones/9/require = false
bones/10/bone_name = &"foot.r"
bones/10/bone_parent = &"leg_stretch.r"
bones/10/tail_direction = 0
bones/10/reference_pose = Transform3D(0.0058007245, -0.89182365, -0.45234635, 0.08905885, 0.4510172, -0.8880609, 0.99600965, -0.03513405, 0.082040995, -2.7939677e-08, 0.4535311, 4.656613e-09)
bones/10/handle_offset = Vector2(0.41335848, 0.8910191)
bones/10/group = &""
bones/10/require = false
bones/11/bone_name = &"toes_01.r"
bones/11/bone_parent = &"foot.r"
bones/11/tail_direction = 0
bones/11/reference_pose = Transform3D(-1.0000001, -1.0843908e-05, 3.021113e-05, 1.3712762e-06, 0.92591375, 0.37773508, -3.2069023e-05, 0.37773502, -0.9259139, -3.740098e-09, 0.1794286, 3.259629e-09)
bones/11/handle_offset = Vector2(0.39716858, 0.94576705)
bones/11/group = &""
bones/11/require = false
bones/12/bone_name = &"leg_twist.r"
bones/12/bone_parent = &"leg_stretch.r"
bones/12/tail_direction = 0
bones/12/reference_pose = Transform3D(0.99999994, -1.802109e-07, 2.91504e-07, 1.8021092e-07, 1, -1.14552655e-07, -2.9150394e-07, 1.14552705e-07, 1, -3.5390258e-08, 0.2267659, 0)
bones/12/handle_offset = Vector2(0.42016342, 0.77294594)
bones/12/group = &""
bones/12/require = false
bones/13/bone_name = &"thigh_twist.r"
bones/13/bone_parent = &"thigh_stretch.r"
bones/13/tail_direction = 0
bones/13/reference_pose = Transform3D(1, -1.5459956e-07, 1.8370338e-07, 1.5459956e-07, 1.0000001, -1.1548398e-07, -1.8370336e-07, 1.1548402e-07, 1, 3.7252903e-09, 1.3358658e-07, -1.14087015e-08)
bones/13/handle_offset = Vector2(0.44766343, 0.44446486)
bones/13/group = &""
bones/13/require = false
bones/14/bone_name = &"spine_01.x"
bones/14/bone_parent = &"root.x"
bones/14/tail_direction = 0
bones/14/reference_pose = Transform3D(1, 1.5211449e-06, 6.74237e-06, -3.410605e-13, 0.97548217, -0.22007833, -6.9118328e-06, 0.22007832, 0.9754822, 5.2579858e-14, 0.22965854, 1.2698135e-08)
bones/14/handle_offset = Vector2(0.49999997, 0.32312214)
bones/14/group = &""
bones/14/require = false
bones/15/bone_name = &"spine_02.x"
bones/15/bone_parent = &"spine_01.x"
bones/15/tail_direction = 0
bones/15/reference_pose = Transform3D(1, -8.74234e-08, 8.742346e-08, 3.4475207e-08, 0.8762339, 0.48188606, -1.1873152e-07, -0.48188606, 0.8762339, -2.2746345e-14, 0.240274, -2.980246e-08)
bones/15/handle_offset = Vector2(0.49999997, 0.19928333)
bones/15/group = &""
bones/15/require = false
bones/16/bone_name = &"neck.x"
bones/16/bone_parent = &"spine_02.x"
bones/16/tail_direction = 0
bones/16/reference_pose = Transform3D(1, 1.5963632e-13, -1.3442523e-12, -9.807849e-13, 0.76988184, -0.63818663, 9.330375e-13, 0.6381867, 0.7698817, -2.9309888e-14, 0.2349444, 1.8626324e-08)
bones/16/handle_offset = Vector2(0.49999997, 0.08001363)
bones/16/group = &""
bones/16/require = false
bones/17/bone_name = &"head.x"
bones/17/bone_parent = &"neck.x"
bones/17/tail_direction = 0
bones/17/reference_pose = Transform3D(1, -1.0645725e-07, 2.441144e-07, 4.1922021e-13, 0.91663, 0.39973673, -2.6631744e-07, -0.39973673, 0.91663, 5.3790306e-14, 0.061971683, -2.4448261e-09)
bones/17/handle_offset = Vector2(0.49999997, 0.050000012)
bones/17/group = &""
bones/17/require = false
bones/18/bone_name = &"shoulder.r"
bones/18/bone_parent = &"spine_02.x"
bones/18/tail_direction = 0
bones/18/reference_pose = Transform3D(-1.1920929e-07, -1, 8.6426735e-07, 0.27538052, 7.748604e-07, 0.9613353, -0.9613353, 3.5762787e-07, 0.27538055, -0.05198674, 0.13492155, -0.043638237)
bones/18/handle_offset = Vector2(0.4725322, 0.13718238)
bones/18/group = &""
bones/18/require = false
bones/19/bone_name = &"arm_stretch.r"
bones/19/bone_parent = &"shoulder.r"
bones/19/tail_direction = 0
bones/19/reference_pose = Transform3D(0.8584581, -0.053269908, 0.51010966, -0.4145815, 0.5134661, 0.7513152, -0.30194652, -0.85645473, 0.41870448, -3.2755025e-09, 0.1559602, -1.7275667e-08)
bones/19/handle_offset = Vector2(0.39012894, 0.13718233)
bones/19/group = &""
bones/19/require = false
bones/20/bone_name = &"forearm_stretch.r"
bones/20/bone_parent = &"arm_stretch.r"
bones/20/tail_direction = 0
bones/20/reference_pose = Transform3D(0.96677786, -0.25561735, -0.000599653, 0.25561735, 0.96677816, -4.5790463e-07, 0.0005798484, -0.00015283904, 0.9999998, 7.264316e-08, 0.2791821, -1.3969839e-08)
bones/20/handle_offset = Vector2(0.31438804, 0.2635016)
bones/20/group = &""
bones/20/require = false
bones/21/bone_name = &"hand.r"
bones/21/bone_parent = &"forearm_stretch.r"
bones/21/tail_direction = 0
bones/21/reference_pose = Transform3D(0.8846766, 0.20090736, -0.42069384, -0.07920433, 0.9540315, 0.28905052, 0.4594276, -0.22239546, 0.8599223, 6.7055225e-08, 0.28971758, -5.5879354e-09)
bones/21/handle_offset = Vector2(0.22219563, 0.3783632)
bones/21/group = &""
bones/21/require = false
bones/22/bone_name = &"c_thumb1.r"
bones/22/bone_parent = &"hand.r"
bones/22/tail_direction = 0
bones/22/reference_pose = Transform3D(-0.013179661, -0.68649024, -0.72701967, 0.019707533, 0.7267633, -0.6866053, 0.99971896, -0.02337699, 0.0039505344, -0.036084026, 0.038201258, -0.0012285626)
bones/22/handle_offset = Vector2(0.21680364, 0.39315245)
bones/22/group = &""
bones/22/require = false
bones/23/bone_name = &"c_thumb2.r"
bones/23/bone_parent = &"c_thumb1.r"
bones/23/tail_direction = 0
bones/23/reference_pose = Transform3D(0.7101418, -0.5155469, 0.47948933, 0.39906302, 0.8558119, 0.32914197, -0.58004093, -0.04239101, 0.8134836, -1.6201412e-08, 0.052563407, -4.4703484e-08)
bones/23/handle_offset = Vector2(0.21141174, 0.40794164)
bones/23/group = &""
bones/23/require = false
bones/24/bone_name = &"c_thumb3.r"
bones/24/bone_parent = &"c_thumb2.r"
bones/24/tail_direction = 0
bones/24/reference_pose = Transform3D(0.997678, 0.05749904, -0.036504406, -0.049874987, 0.9817848, 0.18333383, 0.04638099, -0.1810875, 0.98237264, -3.0248486e-08, 0.01833839, 9.685755e-08)
bones/24/handle_offset = Vector2(0.21437907, 0.41438627)
bones/24/group = &""
bones/24/require = false
bones/25/bone_name = &"c_pinky1.r"
bones/25/bone_parent = &"hand.r"
bones/25/tail_direction = 0
bones/25/reference_pose = Transform3D(0.9500808, 0.31200376, 1.6197014e-08, -0.30884275, 0.9404553, 0.14198573, 0.04430007, -0.13489793, 0.9898686, 0.045909926, 0.109103754, -0.003690436)
bones/25/handle_offset = Vector2(0.20220232, 0.43650946)
bones/25/group = &""
bones/25/require = false
bones/26/bone_name = &"c_pinky2.r"
bones/26/bone_parent = &"c_pinky1.r"
bones/26/tail_direction = 0
bones/26/reference_pose = Transform3D(0.97352844, -0.21428786, -0.07951795, 0.22739364, 0.94322336, 0.24211946, 0.023119934, -0.25379202, 0.9669826, 3.7252903e-09, 0.021583946, 1.5716068e-08)
bones/26/handle_offset = Vector2(0.1996369, 0.44755578)
bones/26/group = &""
bones/26/require = false
bones/27/bone_name = &"c_pinky3.r"
bones/27/bone_parent = &"c_pinky2.r"
bones/27/tail_direction = 0
bones/27/reference_pose = Transform3D(0.99986154, -0.016163655, -0.0039397012, 0.016319323, 0.998927, 0.043342628, 0.003234899, -0.043400925, 0.99905246, 0, 0.022968812, -9.778887e-09)
bones/27/handle_offset = Vector2(0.20003349, 0.45961124)
bones/27/group = &""
bones/27/require = false
bones/28/bone_name = &"c_ring1.r"
bones/28/bone_parent = &"hand.r"
bones/28/tail_direction = 0
bones/28/reference_pose = Transform3D(0.9915466, 0.12975158, -9.751105e-07, -0.12687008, 0.969528, 0.20956944, 0.027192911, -0.20779772, 0.97779375, 0.025068209, 0.11572757, -0.0019193764)
bones/28/handle_offset = Vector2(0.20074719, 0.43714446)
bones/28/group = &""
bones/28/require = false
bones/29/bone_name = &"c_ring2.r"
bones/29/bone_parent = &"c_ring1.r"
bones/29/tail_direction = 0
bones/29/reference_pose = Transform3D(0.9965945, -0.07810257, -0.026446687, 0.08184721, 0.97593343, 0.20212598, 0.010023648, -0.20360225, 0.9790022, 1.8626451e-09, 0.026490688, -5.972106e-08)
bones/29/handle_offset = Vector2(0.19855917, 0.45092374)
bones/29/group = &""
bones/29/require = false
bones/30/bone_name = &"c_ring3.r"
bones/30/bone_parent = &"c_ring2.r"
bones/30/tail_direction = 0
bones/30/reference_pose = Transform3D(0.9992264, -0.039305788, -0.0013178171, 0.039326973, 0.9988694, 0.026704472, 0.00026668704, -0.02673564, 0.99964243, -1.1175871e-08, 0.02980076, 5.6345016e-08)
bones/30/handle_offset = Vector2(0.19936949, 0.4664695)
bones/30/group = &""
bones/30/require = false
bones/31/bone_name = &"c_middle1.r"
bones/31/bone_parent = &"hand.r"
bones/31/tail_direction = 0
bones/31/reference_pose = Transform3D(0.99796253, 0.06380099, -4.330669e-07, -0.06189479, 0.9681478, 0.24260828, 0.015479068, -0.24211396, 0.9701243, 1.4901161e-08, 0.11842706, -1.534354e-07)
bones/31/handle_offset = Vector2(0.20008457, 0.43541065)
bones/31/group = &""
bones/31/require = false
bones/32/bone_name = &"c_middle2.r"
bones/32/bone_parent = &"c_middle1.r"
bones/32/tail_direction = 0
bones/32/reference_pose = Transform3D(0.99942863, 0.031521477, -0.012200114, -0.028617356, 0.9812069, 0.19082479, 0.017985912, -0.1903666, 0.9815484, 5.5879354e-09, 0.028564412, -1.6996637e-08)
bones/32/handle_offset = Vector2(0.19827536, 0.45023423)
bones/32/group = &""
bones/32/require = false
bones/33/bone_name = &"c_middle3.r"
bones/33/bone_parent = &"c_middle2.r"
bones/33/tail_direction = 0
bones/33/reference_pose = Transform3D(0.99973404, 0.022970052, 0.0020337384, -0.022921009, 0.9995054, -0.021526739, -0.0025272027, 0.021474397, 0.99976623, -1.4901161e-08, 0.03035973, 1.4901161e-08)
bones/33/handle_offset = Vector2(0.19938979, 0.46614876)
bones/33/group = &""
bones/33/require = false
bones/34/bone_name = &"c_index1.r"
bones/34/bone_parent = &"hand.r"
bones/34/tail_direction = 0
bones/34/reference_pose = Transform3D(0.9963253, -0.08564851, -6.2614197e-07, 0.085149586, 0.99052066, 0.107787944, -0.009231257, -0.10739192, 0.9941738, -0.022843659, 0.1161883, 0.0018471334)
bones/34/handle_offset = Vector2(0.20030949, 0.43154868)
bones/34/group = &""
bones/34/require = false
bones/35/bone_name = &"c_index2.r"
bones/35/bone_parent = &"c_index1.r"
bones/35/tail_direction = 0
bones/35/reference_pose = Transform3D(0.98483604, 0.17173298, 0.024618166, -0.1715324, 0.9426289, 0.28640363, 0.02597916, -0.28628334, 0.9577927, -4.0978193e-08, 0.02826465, -1.5250407e-08)
bones/35/handle_offset = Vector2(0.19665569, 0.44535106)
bones/35/group = &""
bones/35/require = false
bones/36/bone_name = &"c_index3.r"
bones/36/bone_parent = &"c_index2.r"
bones/36/tail_direction = 0
bones/36/reference_pose = Transform3D(0.99762183, 0.067620285, -0.013343654, -0.0649327, 0.98699254, 0.1470694, 0.023114957, -0.14585318, 0.9890363, 7.450581e-09, 0.03064033, -2.7939677e-09)
bones/36/handle_offset = Vector2(0.19717574, 0.4614326)
bones/36/group = &""
bones/36/require = false
bones/37/bone_name = &"forearm_twist.r"
bones/37/bone_parent = &"forearm_stretch.r"
bones/37/tail_direction = 0
bones/37/reference_pose = Transform3D(0.8873241, -1.3439687e-07, -0.4611463, 1.1892292e-07, 0.9999999, -6.261289e-08, 0.4611463, 7.1705897e-10, 0.8873241, 4.0978193e-08, 0.14485884, 4.1909516e-09)
bones/37/handle_offset = Vector2(0.26829183, 0.32093245)
bones/37/group = &""
bones/37/require = false
bones/38/bone_name = &"arm_twist.r"
bones/38/bone_parent = &"arm_stretch.r"
bones/38/tail_direction = 0
bones/38/reference_pose = Transform3D(0.99999994, -1.3034199e-07, 0.00030115247, 1.3042835e-07, 1.0000001, -2.868277e-07, -0.00030115247, 2.8686702e-07, 0.99999994, 5.9604645e-08, -1.1292286e-07, 7.4505806e-08)
bones/38/handle_offset = Vector2(0.39012897, 0.13718224)
bones/38/group = &""
bones/38/require = false
bones/39/bone_name = &"shoulder.l"
bones/39/bone_parent = &"spine_02.x"
bones/39/tail_direction = 0
bones/39/reference_pose = Transform3D(-3.5762787e-07, 1, -7.1525574e-07, -0.2753801, 5.364418e-07, 0.9613355, 0.9613355, 4.7683716e-07, 0.27538002, 0.05198674, 0.13492154, -0.04363824)
bones/39/handle_offset = Vector2(0.5274677, 0.13718238)
bones/39/group = &""
bones/39/require = false
bones/40/bone_name = &"arm_stretch.l"
bones/40/bone_parent = &"shoulder.l"
bones/40/tail_direction = 0
bones/40/reference_pose = Transform3D(0.85845816, 0.05326997, -0.51010966, 0.41458136, 0.51346666, 0.7513151, 0.3019468, -0.85645473, 0.41870484, -1.1690418e-09, 0.15596023, 7.888133e-09)
bones/40/handle_offset = Vector2(0.60987103, 0.13718233)
bones/40/group = &""
bones/40/require = false
bones/41/bone_name = &"forearm_stretch.l"
bones/41/bone_parent = &"arm_stretch.l"
bones/41/tail_direction = 0
bones/41/reference_pose = Transform3D(0.96677756, 0.25561768, 0.0006002008, -0.25561768, 0.9667779, -1.5038708e-07, -0.00058029924, -0.00015327659, 0.9999997, 3.9115548e-08, 0.27918172, 3.7252903e-09)
bones/41/handle_offset = Vector2(0.6856119, 0.2635014)
bones/41/group = &""
bones/41/require = false
bones/42/bone_name = &"hand.l"
bones/42/bone_parent = &"forearm_stretch.l"
bones/42/tail_direction = 0
bones/42/reference_pose = Transform3D(0.88467693, -0.20090716, 0.4206935, 0.079204336, 0.95403177, 0.28905022, -0.45942724, -0.22239533, 0.8599225, -2.6077032e-08, 0.28971732, 9.685755e-08)
bones/42/handle_offset = Vector2(0.77780426, 0.37836283)
bones/42/group = &""
bones/42/require = false
bones/43/bone_name = &"c_thumb1.l"
bones/43/bone_parent = &"hand.l"
bones/43/tail_direction = 0
bones/43/reference_pose = Transform3D(-0.013178349, 0.6864893, 0.72702044, -0.019709736, 0.72676396, -0.6866044, -0.9997189, -0.023377692, 0.003952973, 0.036083903, 0.038201354, -0.0012286974)
bones/43/handle_offset = Vector2(0.7831962, 0.39315215)
bones/43/group = &""
bones/43/require = false
bones/44/bone_name = &"c_thumb2.l"
bones/44/bone_parent = &"c_thumb1.l"
bones/44/tail_direction = 0
bones/44/reference_pose = Transform3D(0.71013933, 0.5155479, -0.4794917, -0.39906305, 0.85581136, 0.3291433, 0.5800436, -0.042390145, 0.8134817, -3.2922543e-08, 0.05256337, -1.4901161e-08)
bones/44/handle_offset = Vector2(0.78858805, 0.40794134)
bones/44/group = &""
bones/44/require = false
bones/45/bone_name = &"c_thumb3.l"
bones/45/bone_parent = &"c_thumb2.l"
bones/45/tail_direction = 0
bones/45/reference_pose = Transform3D(0.99767715, -0.057505064, 0.036514062, 0.049879067, 0.9817843, 0.18333568, -0.046391655, -0.18108857, 0.982372, 3.28252e-08, 0.01833845, 0)
bones/45/handle_offset = Vector2(0.7856207, 0.414386)
bones/45/group = &""
bones/45/require = false
bones/46/bone_name = &"c_pinky1.l"
bones/46/bone_parent = &"hand.l"
bones/46/tail_direction = 0
bones/46/reference_pose = Transform3D(0.9500805, -0.31200466, -3.5855177e-07, 0.30884367, 0.94045496, 0.14198601, -0.04429996, -0.13489826, 0.9898686, -0.045910046, 0.10910412, -0.0036903648)
bones/46/handle_offset = Vector2(0.7977978, 0.43650928)
bones/46/group = &""
bones/46/require = false
bones/47/bone_name = &"c_pinky2.l"
bones/47/bone_parent = &"c_pinky1.l"
bones/47/tail_direction = 0
bones/47/reference_pose = Transform3D(0.97352827, 0.21428859, 0.07951828, -0.22739445, 0.94322306, 0.24211991, -0.02311994, -0.2537926, 0.96698225, 1.1641532e-08, 0.021583907, 6.923801e-08)
bones/47/handle_offset = Vector2(0.8003632, 0.44755557)
bones/47/group = &""
bones/47/require = false
bones/48/bone_name = &"c_pinky3.l"
bones/48/bone_parent = &"c_pinky2.l"
bones/48/tail_direction = 0
bones/48/reference_pose = Transform3D(0.9998616, 0.016163565, 0.003939873, -0.016319245, 0.99892694, 0.043342847, -0.00323507, -0.04340114, 0.9990525, -3.7252903e-09, 0.022968723, -1.816079e-08)
bones/48/handle_offset = Vector2(0.7999666, 0.45961097)
bones/48/group = &""
bones/48/require = false
bones/49/bone_name = &"c_ring1.l"
bones/49/bone_parent = &"hand.l"
bones/49/tail_direction = 0
bones/49/reference_pose = Transform3D(0.9915466, -0.1297512, -1.00598584e-07, 0.12686993, 0.9695279, 0.20957, -0.027191864, -0.20779842, 0.97779363, -0.02506828, 0.11572776, -0.0019194648)
bones/49/handle_offset = Vector2(0.79925275, 0.4371442)
bones/49/group = &""
bones/49/require = false
bones/50/bone_name = &"c_ring2.l"
bones/50/bone_parent = &"c_ring1.l"
bones/50/tail_direction = 0
bones/50/reference_pose = Transform3D(0.9965944, 0.07810116, 0.026449535, -0.081846386, 0.9759339, 0.20212378, -0.010026898, -0.20360024, 0.9790026, -1.8626451e-09, 0.026490698, -3.03844e-08)
bones/50/handle_offset = Vector2(0.8014407, 0.45092347)
bones/50/group = &""
bones/50/require = false
bones/51/bone_name = &"c_ring3.l"
bones/51/bone_parent = &"c_ring2.l"
bones/51/tail_direction = 0
bones/51/reference_pose = Transform3D(0.99922633, 0.039306473, 0.0013162175, -0.03932761, 0.9988694, 0.02670633, -0.00026499777, -0.026737433, 0.99964243, 1.1175871e-08, 0.029800769, -1.071021e-08)
bones/51/handle_offset = Vector2(0.80063045, 0.46646926)
bones/51/group = &""
bones/51/require = false
bones/52/bone_name = &"c_middle1.l"
bones/52/bone_parent = &"hand.l"
bones/52/tail_direction = 0
bones/52/reference_pose = Transform3D(0.99796265, -0.06379987, -2.9986268e-07, 0.061893884, 0.96814775, 0.24260849, -0.015478103, -0.24211425, 0.9701242, -1.1920929e-07, 0.11842737, 1.9790605e-08)
bones/52/handle_offset = Vector2(0.7999155, 0.43541038)
bones/52/group = &""
bones/52/require = false
bones/53/bone_name = &"c_middle2.l"
bones/53/bone_parent = &"c_middle1.l"
bones/53/tail_direction = 0
bones/53/reference_pose = Transform3D(0.9994286, -0.031522986, 0.012201332, 0.028618645, 0.98120695, 0.19082326, -0.017987354, -0.19036499, 0.9815486, 5.5879354e-09, 0.028564338, 3.0267984e-08)
bones/53/handle_offset = Vector2(0.8017247, 0.45023394)
bones/53/group = &""
bones/53/require = false
bones/54/bone_name = &"c_middle3.l"
bones/54/bone_parent = &"c_middle2.l"
bones/54/tail_direction = 0
bones/54/reference_pose = Transform3D(0.9997341, -0.022969574, -0.0020352788, 0.022920504, 0.99950546, -0.021524712, 0.0025286863, 0.02147234, 0.9997661, -1.4901161e-08, 0.030359669, 6.7055225e-08)
bones/54/handle_offset = Vector2(0.8006103, 0.46614847)
bones/54/group = &""
bones/54/require = false
bones/55/bone_name = &"c_index1.l"
bones/55/bone_parent = &"hand.l"
bones/55/tail_direction = 0
bones/55/reference_pose = Transform3D(0.9963255, 0.08564706, -3.870752e-06, -0.08514763, 0.9905204, 0.10779134, 0.009235847, -0.10739494, 0.99417347, 0.022843502, 0.11618853, 0.001847238)
bones/55/handle_offset = Vector2(0.7996905, 0.43154842)
bones/55/group = &""
bones/55/require = false
bones/56/bone_name = &"c_index2.l"
bones/56/bone_parent = &"c_index1.l"
bones/56/tail_direction = 0
bones/56/reference_pose = Transform3D(0.98483586, -0.17173316, -0.024617394, 0.1715323, 0.9426296, 0.28640264, -0.025979739, -0.28628233, 0.95779306, 0, 0.028264731, 9.255018e-08)
bones/56/handle_offset = Vector2(0.8033443, 0.44535083)
bones/56/group = &""
bones/56/require = false
bones/57/bone_name = &"c_index3.l"
bones/57/bone_parent = &"c_index2.l"
bones/57/tail_direction = 0
bones/57/reference_pose = Transform3D(0.99762166, -0.0676208, 0.013347317, 0.064932734, 0.986993, 0.14706594, -0.023118425, -0.14584951, 0.98903656, 0, 0.030640189, -5.075708e-08)
bones/57/handle_offset = Vector2(0.8028242, 0.46143234)
bones/57/group = &""
bones/57/require = false
bones/58/bone_name = &"forearm_twist.l"
bones/58/bone_parent = &"forearm_stretch.l"
bones/58/tail_direction = 0
bones/58/reference_pose = Transform3D(0.8873241, -2.1251029e-07, 0.461146, 2.2707398e-07, 0.99999994, 2.3901366e-08, -0.46114594, 8.350601e-08, 0.8873242, 1.6763806e-08, 0.14485861, 1.876615e-07)
bones/58/handle_offset = Vector2(0.7317081, 0.32093206)
bones/58/group = &""
bones/58/require = false
bones/59/bone_name = &"arm_twist.l"
bones/59/bone_parent = &"arm_stretch.l"
bones/59/tail_direction = 0
bones/59/reference_pose = Transform3D(0.9999998, -1.4907819e-07, -0.000300318, 1.4894505e-07, 0.99999994, -4.433319e-07, 0.00030031803, 4.4328723e-07, 0.99999976, 5.2154064e-08, 8.96398e-08, -3.3527613e-08)
bones/59/handle_offset = Vector2(0.60987103, 0.13718238)
bones/59/group = &""
bones/59/require = false
